0.014885 
0.003859 
0.003712 
0.003688 
0.003709 
0.003672 
0.003670 
0.003670 
0.003670 
0.003732 
0.003679 
0.003673 
0.003665 
0.003669 
0.003669 
0.003666 
0.003670 
0.003671 
0.003663 
0.003670 
0.003666 
0.003664 
0.003668 
0.003670 
0.003662 
0.003674 
0.003668 
0.003665 
0.003679 
0.003665 
0.003669 
0.003668 
0.003667 
0.003666 
0.003671 
0.003665 
0.003662 
0.003719 
0.003673 
0.003672 
0.003663 
0.003668 
0.003665 
0.003660 
0.003673 
0.003671 
0.003659 
0.003665 
0.003664 
0.003661 
0.003669 
0.003668 
0.003661 
0.003665 
0.003666 
0.003659 
0.003667 
0.003665 
0.003665 
0.003667 
0.003674 
0.003669 
0.003669 
0.003669 
0.003713 
0.003672 
0.003675 
0.003666 
0.003667 
0.003668 
0.003666 
0.003669 
0.003673 
0.003700 
0.003672 
0.003665 
0.003661 
0.003674 
0.003669 
0.003657 
0.003668 
0.003693 
0.003673 
0.003672 
0.003668 
0.003658 
0.003667 
0.003668 
0.003661 
0.003673 
0.003670 
0.003716 
0.003669 
0.003666 
0.003669 
0.003658 
0.003666 
0.003663 
0.003668 
0.003671 
0.003669 
0.003659 
0.003669 
0.003672 
0.003667 
0.003668 
0.003669 
0.003660 
0.003667 
0.003668 
0.003660 
0.003665 
0.003666 
0.003659 
0.003667 
0.003668 
0.003665 
0.003668 
0.003716 
0.003670 
0.003664 
0.003667 
0.003664 
0.003663 
0.003834 
0.003661 
0.003710 
0.003670 
0.003660 
0.003670 
0.003671 
0.003668 
0.003670 
0.003670 
0.003661 
0.003670 
0.003668 
0.003666 
0.003667 
0.003671 
0.003661 
0.003665 
0.003672 
0.003667 
0.003668 
0.003671 
0.003724 
0.003668 
0.003673 
0.003607 
0.003535 
0.003612 
0.003539 
0.003527 
0.003501 
0.003389 
0.003454 
0.003449 
0.003367 
0.003377 
0.003394 
0.003269 
0.003370 
0.003617 
0.003262 
0.003240 
0.003259 
0.003201 
0.003244 
0.003371 
0.003121 
0.003122 
0.003118 
0.003127 
0.003086 
0.003052 
0.003028 
0.003009 
0.002956 
0.002923 
0.002922 
0.003001 
0.003183 
0.002835 
0.002836 
0.002838 
0.002835 
0.002831 
0.002831 
0.002839 
0.002837 
0.002833 
0.002837 
0.002830 
0.002835 
0.002991 
0.002939 
0.002836 
0.002833 
0.002835 
0.002831 
0.002834 
0.003016 
0.002902 
0.002836 
0.002835 
0.002835 
0.003081 
0.002839 
0.003069 
0.003055 
0.002837 
0.002834 
0.002834 
0.002836 
0.002835 
0.002836 
0.002835 
0.002831 
0.002837 
0.002833 
0.002833 
0.002831 
0.002836 
0.002831 
0.002833 
0.002835 
0.002835 
0.002833 
0.002839 
0.002834 
0.002832 
0.002834 
0.002838 
0.002834 
0.002835 
0.002835 
0.002827 
0.002835 
0.002838 
0.002836 
0.002834 
0.002836 
0.002849 
0.003038 
0.003324 
0.002843 
0.002831 
0.002836 
0.002838 
0.002834 
0.003099 
0.002951 
0.002833 
0.002835 
0.002828 
0.002835 
0.002834 
0.003194 
0.003320 
0.002833 
0.002832 
0.002902 
0.003017 
0.002840 
0.003207 
0.002835 
0.002835 
0.002836 
0.002836 
0.002831 
0.002835 
0.002835 
0.002834 
0.002831 
0.002834 
0.002830 
0.002833 
0.002835 
0.002866 
0.002840 
0.002837 
0.002835 
0.002834 
0.003107 
0.002843 
0.002838 
0.002836 
0.002838 
0.002838 
0.002834 
0.002825 
0.002835 
0.002834 
0.002836 
0.002836 
0.002838 
0.002849 
0.003564 
0.002965 
0.002901 
0.002922 
0.002921 
0.002922 
0.002848 
0.002832 
0.002833 
0.002834 
0.002833 
0.002835 
0.002833 
0.002837 
0.002836 
0.002833 
0.002872 
0.002838 
0.002831 
0.002839 
0.002835 
0.002836 
0.002834 
0.003503 
0.003086 
0.002926 
0.002924 
0.002920 
0.002920 
0.002935 
0.002969 
0.002835 
0.002835 
0.002838 
0.002831 
0.002837 
0.003037 
0.003157 
0.002836 
0.002834 
0.002836 
0.002834 
0.002836 
0.003175 
0.003555 
0.003562 
0.003019 
0.003044 
0.003099 
0.003102 
0.003142 
0.003009 
0.003010 
0.003171 
0.003056 
0.003010 
0.003007 
0.003008 
0.002926 
0.002918 
0.002923 
0.002918 
0.002838 
0.002835 
0.002833 
0.002836 
0.002831 
0.002836 
0.002837 
0.002834 
0.002835 
0.002836 
0.002834 
0.002835 
0.002835 
0.002835 
0.002834 
0.002835 
0.002829 
0.002835 
0.002835 
0.002838 
0.002835 
0.002837 
0.003470 
0.003416 
0.002845 
0.002839 
0.002912 
0.002922 
0.003045 
0.003206 
0.002922 
0.002921 
0.002921 
0.002892 
0.002832 
0.003082 
0.002835 
0.002839 
0.002831 
0.002834 
0.002835 
0.002838 
0.003114 
0.002966 
0.002854 
0.002841 
0.002838 
0.002849 
0.002843 
0.003214 
0.002876 
0.002840 
0.003101 
0.003516 
0.003084 
0.002842 
0.003046 
0.003009 
0.003010 
0.002987 
0.002920 
0.002921 
0.003099 
0.003096 
0.002919 
0.002920 
0.002921 
0.002847 
0.002836 
0.003223 
0.002865 
0.002838 
0.002839 
0.002835 
0.002835 
0.002835 
0.003249 
0.002836 
0.002833 
0.002834 
0.002834 
0.002837 
0.002837 
0.003225 
0.002836 
0.002835 
0.002837 
0.002830 
0.002837 
0.002838 
0.003216 
0.002843 
0.002836 
0.002838 
0.002837 
0.002833 
0.002837 
0.002835 
0.002996 
0.002839 
0.002835 
0.002838 
0.003083 
0.003122 
0.003425 
0.002922 
0.002925 
0.002920 
0.002894 
0.002835 
0.003048 
0.003236 
0.002834 
0.002832 
0.002835 
0.002827 
0.002836 
0.003133 
0.002907 
0.002840 
0.002833 
0.002838 
0.002836 
0.002830 
0.002836 
0.002873 
0.002840 
0.002834 
0.002838 
0.002829 
0.002831 
0.003090 
0.003314 
0.002838 
0.002832 
0.002836 
0.002837 
0.002835 
0.003171 
0.002836 
0.002831 
0.002837 
0.002831 
0.002837 
0.002837 
0.003187 
0.003102 
0.002833 
0.002843 
0.002838 
0.002834 
0.002834 
0.003135 
0.002835 
0.002829 
0.002842 
0.002840 
0.002835 
0.002831 
0.002869 
0.002833 
0.002838 
0.002838 
0.002840 
0.002834 
0.002838 
0.002832 
0.002836 
0.002836 
0.002838 
0.002837 
0.002835 
0.002833 
0.003100 
0.002830 
0.002837 
0.002834 
0.002835 
0.002834 
0.002836 
0.003072 
0.002837 
0.002829 
0.002835 
0.002835 
0.002834 
0.002835 
0.003114 
0.002833 
0.002832 
0.002836 
0.002838 
0.002840 
0.002833 
0.003320 
0.002838 
0.002840 
0.002833 
0.002830 
0.002835 
0.003078 
0.003103 
0.002958 
0.002832 
0.002834 
0.002832 
0.002832 
0.002866 
0.003225 
0.002832 
0.002836 
0.002833 
0.002832 
0.002836 
0.002967 
0.002966 
0.002834 
0.002834 
0.002835 
0.002827 
0.002836 
0.002980 
0.002938 
0.002833 
0.002833 
0.002834 
0.002832 
0.002831 
0.003012 
0.003148 
0.002837 
0.002837 
0.002834 
0.002836 
0.002837 
0.003067 
0.003024 
0.002835 
0.002830 
0.002834 
0.002849 
0.002838 
0.002834 
0.002837 
0.002829 
0.002834 
0.002834 
0.003149 
0.002836 
0.003140 
0.002930 
0.002835 
0.002833 
0.002838 
0.002831 
0.002836 
0.002838 
0.002839 
0.002833 
0.002836 
0.002830 
0.002833 
0.002832 
0.003230 
0.003402 
0.002839 
0.002832 
0.002832 
0.002836 
0.002832 
0.003195 
0.002836 
0.002833 
0.002838 
0.002836 
0.002829 
0.002837 
0.002834 
0.002835 
0.002834 
0.004174 
0.003298 
0.002838 
0.003129 
0.002950 
0.002831 
0.002839 
0.003181 
0.002839 
0.002838 
0.003220 
0.002833 
0.002835 
0.002832 
0.002838 
0.002835 
0.003081 
0.003219 
0.002965 
0.002837 
0.002844 
0.002834 
0.002834 
0.002832 
0.003085 
0.002834 
0.002835 
0.002839 
0.002837 
0.002831 
0.002833 
0.002830 
0.002834 
0.002833 
0.002835 
0.002835 
0.002835 
0.002830 
0.003410 
0.003188 
0.002854 
0.002919 
0.002919 
0.002921 
0.003013 
0.003558 
0.002891 
0.002836 
0.002907 
0.003141 
0.002921 
0.003186 
0.002921 
0.002922 
0.002921 
0.002921 
0.002919 
0.002919 
0.003264 
0.003149 
0.002922 
0.002921 
0.002920 
0.002922 
0.002980 
0.003086 
0.002922 
0.002922 
0.002919 
0.002997 
0.002849 
0.003090 
0.003290 
0.002877 
0.002922 
0.003027 
0.002919 
0.002915 
0.002921 
0.002919 
0.002922 
0.002867 
0.002836 
0.002834 
0.002837 
0.002864 
0.002835 
0.002836 
0.002842 
0.002835 
0.002835 
0.002831 
0.002834 
0.002837 
0.002835 
0.002837 
0.002838 
0.002835 
0.002827 
0.002837 
0.002833 
0.002834 
0.002839 
0.002837 
0.002829 
0.002832 
0.002834 
0.002836 
0.002852 
0.003224 
0.003562 
0.003129 
0.002921 
0.002913 
0.002917 
0.002885 
0.002840 
0.003077 
0.002835 
0.002834 
0.002866 
0.002840 
0.002832 
0.002839 
0.002837 
0.002884 
0.003019 
0.002832 
0.002834 
0.002833 
0.002838 
0.002834 
0.002836 
0.002833 
0.002835 
0.002830 
0.002833 
0.002840 
0.002838 
0.002832 
0.002836 
0.003191 
0.002835 
0.002837 
0.002831 
0.002836 
0.002834 
0.002832 
0.003190 
0.002835 
0.002833 
0.002835 
0.002834 
0.002833 
0.002866 
0.003186 
0.002836 
0.002835 
0.002835 
0.002834 
0.002831 
0.002927 
0.003210 
0.002830 
0.002841 
0.002841 
0.002835 
0.002834 
0.003048 
0.003375 
0.002837 
0.002838 
0.002871 
0.002920 
0.002919 
0.003214 
0.002919 
0.002923 
0.002922 
0.002924 
0.003017 
0.002839 
0.003158 
0.002839 
0.002831 
0.002841 
0.002843 
0.002841 
0.002835 
0.003159 
0.002841 
0.002839 
0.002838 
0.002840 
0.002838 
0.002836 
0.003370 
0.002836 
0.002837 
0.002835 
0.002835 
0.002838 
0.002894 
0.003069 
0.002830 
0.002836 
0.002836 
0.002836 
0.002836 
0.002838 
0.003088 
0.002833 
0.002833 
0.002834 
0.002838 
0.002837 
0.002838 
0.002836 
0.002832 
0.003882 
0.002850 
0.002964 
0.002839 
0.002875 
0.002846 
0.002834 
0.002842 
0.002841 
0.002840 
0.002840 
0.003132 
0.002989 
0.002835 
0.002838 
0.002834 
0.002836 
0.002839 
0.003211 
0.003268 
0.002835 
0.002841 
0.002840 
0.002841 
0.002837 
0.003120 
0.003060 
0.002838 
0.003090 
0.003084 
0.002840 
0.002914 
0.003013 
0.002837 
0.002837 
0.002840 
0.002841 
0.002839 
0.002837 
0.002878 
0.002841 
0.002837 
0.002841 
0.002840 
0.003101 
0.002838 
0.002839 
0.002838 
0.002841 
0.002832 
0.002837 
0.002837 
0.002833 
0.002840 
0.002836 
0.002835 
0.002843 
0.002839 
0.002842 
0.002839 
0.002840 
0.002834 
0.002842 
0.002847 
0.002842 
0.002841 
0.002840 
0.002835 
0.002836 
0.002838 
0.002845 
0.002841 
0.002841 
0.002838 
0.002865 
0.002840 
0.002838 
0.002842 
0.002833 
0.002835 
0.002832 
0.002839 
0.002838 
0.002837 
0.002835 
0.002840 
0.002831 
0.002839 
0.002839 
0.002840 
0.002838 
0.002840 
0.002986 
0.002941 
0.002835 
0.002838 
0.002837 
0.002835 
0.002836 
0.002854 
0.002832 
0.002841 
0.002839 
0.002841 
0.002840 
0.002846 
0.002833 
0.002839 
0.002840 
0.002874 
0.002843 
0.002838 
0.002845 
0.002837 
0.002841 
0.002842 
0.002840 
0.002839 
0.002840 
0.002840 
0.002846 
0.002842 
0.002840 
0.002838 
0.002835 
0.002836 
0.002836 
  5859.375  82132.204 # matmult_lib
0.033085 
0.026686 
0.026776 
0.026412 
0.026132 
0.024558 
0.023240 
0.022504 
0.021948 
0.021168 
0.020962 
0.020996 
0.021193 
0.021259 
0.020895 
0.021327 
0.020865 
0.020910 
0.021284 
0.021842 
0.020955 
0.020835 
0.020998 
0.020920 
0.021141 
0.021683 
0.021178 
0.021122 
0.021986 
0.021910 
0.021380 
0.020938 
0.020910 
0.020851 
0.020959 
0.020826 
0.020928 
0.020908 
0.020845 
0.021228 
0.021111 
0.021153 
0.020847 
0.020855 
0.021176 
0.021207 
0.021276 
0.021172 
0.021123 
0.021556 
0.021648 
0.022047 
0.020941 
0.021303 
0.021117 
0.021360 
0.021013 
0.021150 
0.021145 
0.021146 
0.022546 
0.021765 
0.021349 
0.021189 
0.022797 
0.022494 
0.021526 
0.021274 
0.021265 
0.021006 
0.020989 
0.021253 
0.021283 
0.021816 
0.022029 
0.021717 
0.021182 
0.021360 
0.020973 
0.021085 
0.021092 
0.021613 
0.022487 
0.022395 
0.021757 
0.022527 
0.023488 
0.022174 
0.022066 
0.021229 
0.021051 
0.022744 
0.021971 
0.021533 
0.021152 
0.021271 
0.021243 
0.021382 
0.020937 
0.021444 
0.021182 
0.021511 
0.021224 
0.021041 
0.021233 
0.020916 
0.021388 
0.021258 
0.020878 
0.020915 
0.021005 
0.021340 
0.021936 
0.021812 
0.021704 
0.021371 
0.021305 
0.021662 
0.020852 
0.021170 
0.020931 
0.021265 
0.020859 
0.021029 
0.021102 
0.021123 
0.021480 
0.021338 
0.021380 
0.021125 
0.021238 
0.020893 
0.021111 
0.021198 
0.021534 
0.021499 
0.022138 
0.021786 
0.021517 
 23437.500  92416.957 # matmult_lib
0.186935 
0.170760 
0.168781 
0.168268 
0.167658 
0.168485 
0.168290 
0.168579 
0.168803 
0.167638 
0.167808 
0.170940 
0.168895 
0.171603 
0.170975 
0.176303 
0.171021 
0.171825 
 93750.000  93697.750 # matmult_lib
1.331291 
1.279957 
1.269956 
375000.000  98930.623 # matmult_lib
10.236185 
1500000.000 100034.092 # matmult_lib

size	time	mem	flops/sec
500	0.00304241	5859.375	82132.204
1000	0.021637353	23437.5	92416.957
2000	0.170753722	93750	93697.75
4000	1.293734667	375000	98930.623
8000	10.236185	1500000	100034.092