Loaded dependency [gcc/6.3.0]: binutils/2.29
Loaded module: gcc/6.3.0
0 512373.107807 
 1 193042.503427 
 2 98563.150078 
 3 60584.164552 
 4 41692.213561 
 5 30842.743699 
 6 23968.598048 
 7 19298.726847 
 8 15958.694226 
 9 13473.755646 
 10 11566.591916 
 11 10065.579502 
 12 8859.442997 
 13 7873.217470 
 14 7054.755116 
 15 6366.779900 
 16 5782.015895 
 17 5280.094866 
 18 4845.533426 
 19 4466.374608 
 20 4133.254226 
 21 3838.745825 
 22 3576.892546 
 23 3342.866964 
 24 3132.720176 
 25 2943.194177 
 26 2771.579796 
 27 2615.607889 
 28 2473.365131 
 29 2343.228190 
 30 2223.811825 
 31 2113.927607 
 32 2012.550828 
 33 1918.793793 
 34 1831.884105 
 35 1751.146900 
 36 1675.990227 
 37 1605.892952 
 38 1540.394680 
 39 1479.087341 
 40 1421.608109 
 41 1367.633429 
 42 1316.873956 
 43 1269.070239 
 44 1223.989039 
 45 1181.420172 
 46 1141.173785 
 47 1103.078009 
 48 1066.976926 
 49 1032.728796 
 50 1000.204518 
 51 969.286283 
 52 939.866388 
 53 911.846206 
 54 885.135263 
 55 859.650434 
 56 835.315230 
 57 812.059159 
 58 789.817167 
 59 768.529132 
 60 748.139416 
 61 728.596466 
 62 709.852451 
 63 691.862943 
 64 674.586623 
 65 657.985024 
 66 642.022290 
 67 626.664967 
 68 611.881807 
 69 597.643596 
 70 583.922992 
 71 570.694383 
 72 557.933754 
 73 545.618569 
 74 533.727659 
 75 522.241126 
 76 511.140248 
 77 500.407395 
 78 490.025955 
 79 479.980264 
 80 470.255535 
 81 460.837805 
 82 451.713880 
 83 442.871277 
 84 434.298185 
 85 425.983421 
 86 417.916383 
 87 410.087023 
 88 402.485804 
 89 395.103676 
 90 387.932038 
 91 380.962720 
 92 374.187949 
 93 367.600331 
 94 361.192825 
 95 354.958729 
 96 348.891650 
 97 342.985498 
 98 337.234461 
 99 331.632992 
 100 326.175797 
 101 320.857815 
 102 315.674213 
 103 310.620367 
 104 305.691858 
 105 300.884452 
 106 296.194101 
 107 291.616924 
 108 287.149204 
 109 282.787380 
 110 278.528035 
 111 274.367892 
 112 270.303807 
 113 266.332762 
 114 262.451859 
 115 258.658313 
 116 254.949448 
 117 251.322693 
 118 247.775574 
 119 244.305713 
 120 240.910820 
 121 237.588693 
 122 234.337208 
 123 231.154323 
 124 228.038070 
 125 224.986551 
 126 221.997937 
 127 219.070465 
 128 216.202434 
 129 213.392202 
 130 210.638186 
 131 207.938856 
 132 205.292737 
 133 202.698401 
 134 200.154472 
 135 197.659617 
 136 195.212551 
 137 192.812028 
 138 190.456846 
 139 188.145840 
 140 185.877884 
 141 183.651889 
 142 181.466799 
 143 179.321593 
 144 177.215282 
 145 175.146908 
 146 173.115541 
 147 171.120284 
 148 169.160263 
 149 167.234633 
 150 165.342575 
 151 163.483293 
 152 161.656017 
 153 159.859998 
 154 158.094510 
 155 156.358848 
 156 154.652328 
 157 152.974285 
 158 151.324075 
 159 149.701070 
 160 148.104662 
 161 146.534258 
 162 144.989285 
 163 143.469182 
 164 141.973406 
 165 140.501430 
 166 139.052739 
 167 137.626832 
 168 136.223225 
 169 134.841443 
 170 133.481026 
 171 132.141526 
 172 130.822507 
 173 129.523543 
 174 128.244221 
 175 126.984138 
 176 125.742902 
 177 124.520130 
 178 123.315450 
 179 122.128499 
 180 120.958922 
 181 119.806375 
 182 118.670522 
 183 117.551035 
 184 116.447594 
 185 115.359887 
 186 114.287610 
 187 113.230466 
 188 112.188167 
 189 111.160428 
 190 110.146975 
 191 109.147539 
 192 108.161856 
 193 107.189670 
 194 106.230731 
 195 105.284794 
 196 104.351621 
 197 103.430977 
 198 102.522636 
 199 101.626373 
 200 100.741972 
 201 99.869221 
 202 99.007910 
 203 98.157837 
 204 97.318804 
 205 96.490616 
 206 95.673084 
 207 94.866021 
 208 94.069246 
 209 93.282582 
 210 92.505855 
 211 91.738895 
 212 90.981536 
 213 90.233614 
 214 89.494972 
 215 88.765452 
 216 88.044903 
 217 87.333174 
 218 86.630121 
 219 85.935600 
 220 85.249471 
 221 84.571596 
 222 83.901841 
 223 83.240075 
 224 82.586169 
 225 81.939996 
 226 81.301433 
 227 80.670358 
 228 80.046653 
 229 79.430201 
 230 78.820888 
 231 78.218603 
 232 77.623235 
 233 77.034678 
 234 76.452825 
 235 75.877575 
 236 75.308824 
 237 74.746475 
 238 74.190430 
 239 73.640592 
 240 73.096870 
 241 72.559169 
 242 72.027402 
 243 71.501478 
 244 70.981311 
 245 70.466816 
 246 69.957910 
 247 69.454510 
 248 68.956536 
 249 68.463909 
 250 67.976551 
 251 67.494386 
 252 67.017340 
 253 66.545338 
 254 66.078310 
 255 65.616184 
 256 65.158891 
 257 64.706361 
 258 64.258530 
 259 63.815330 
 260 63.376697 
 261 62.942567 
 262 62.512878 
 263 62.087568 
 264 61.666578 
 265 61.249848 
 266 60.837320 
 267 60.428937 
 268 60.024642 
 269 59.624381 
 270 59.228098 
 271 58.835741 
 272 58.447258 
 273 58.062596 
 274 57.681704 
 275 57.304534 
 276 56.931035 
 277 56.561160 
 278 56.194862 
 279 55.832093 
 280 55.472808 
 281 55.116961 
 282 54.764509 
 283 54.415407 
 284 54.069613 
 285 53.727084 
 286 53.387779 
 287 53.051657 
 288 52.718678 
 289 52.388801 
 290 52.061989 
 291 51.738202 
 292 51.417403 
 293 51.099555 
 294 50.784621 
 295 50.472566 
 296 50.163353 
 297 49.856948 
 298 49.553316 
 299 49.252424 
 300 48.954238 
 301 48.658726 
 302 48.365856 
 303 48.075594 
 304 47.787911 
 305 47.502775 
 306 47.220156 
 307 46.940024 
 308 46.662350 
 309 46.387104 
 310 46.114257 
 311 45.843783 
 312 45.575653 
 313 45.309839 
 314 45.046315 
 315 44.785054 
 316 44.526030 
 317 44.269217 
 318 44.014590 
 319 43.762124 
 320 43.511793 
 321 43.263575 
 322 43.017444 
 323 42.773378 
 324 42.531352 
 325 42.291344 
 326 42.053332 
 327 41.817292 
 328 41.583203 
 329 41.351044 
 330 41.120793 
 331 40.892428 
 332 40.665929 
 333 40.441276 
 334 40.218448 
 335 39.997425 
 336 39.778188 
 337 39.560718 
 338 39.344994 
 339 39.130999 
 340 38.918713 
 341 38.708119 
 342 38.499198 
 343 38.291932 
 344 38.086304 
 345 37.882296 
 346 37.679891 
 347 37.479073 
 348 37.279824 
 349 37.082128 
 350 36.885969 
 351 36.691331 
 352 36.498197 
 353 36.306553 
 354 36.116383 
 355 35.927671 
 356 35.740403 
 357 35.554564 
 358 35.370138 
 359 35.187113 
 360 35.005473 
 361 34.825204 
 362 34.646293 
 363 34.468725 
 364 34.292487 
 365 34.117567 
 366 33.943950 
 367 33.771623 
 368 33.600574 
 369 33.430790 
 370 33.262259 
 371 33.094967 
 372 32.928904 
 373 32.764056 
 374 32.600411 
 375 32.437959 
 376 32.276687 
 377 32.116584 
 378 31.957638 
 379 31.799838 
 380 31.643174 
 381 31.487634 
 382 31.333207 
 383 31.179883 
 384 31.027651 
 385 30.876500 
 386 30.726421 
 387 30.577404 
 388 30.429437 
 389 30.282512 
 390 30.136618 
 391 29.991745 
 392 29.847885 
 393 29.705028 
 394 29.563163 
 395 29.422283 
 396 29.282378 
 397 29.143438 
 398 29.005456 
 399 28.868421 
 400 28.732326 
 401 28.597161 
 402 28.462919 
 403 28.329590 
 404 28.197167 
 405 28.065641 
 406 27.935004 
 407 27.805248 
 408 27.676366 
 409 27.548348 
 410 27.421188 
 411 27.294877 
 412 27.169409 
 413 27.044775 
 414 26.920969 
 415 26.797982 
 416 26.675808 
 417 26.554440 
 418 26.433869 
 419 26.314090 
 420 26.195095 
 421 26.076878 
 422 25.959431 
 423 25.842748 
 424 25.726823 
 425 25.611648 
 426 25.497218 
 427 25.383525 
 428 25.270564 
 429 25.158327 
 430 25.046810 
 431 24.936005 
 432 24.825908 
 433 24.716510 
 434 24.607808 
 435 24.499794 
 436 24.392463 
 437 24.285809 
 438 24.179827 
 439 24.074511 
 440 23.969854 
 441 23.865853 
 442 23.762500 
 443 23.659792 
 444 23.557722 
 445 23.456285 
 446 23.355476 
 447 23.255290 
 448 23.155721 
 449 23.056765 
 450 22.958416 
 451 22.860670 
 452 22.763521 
 453 22.666965 
 454 22.570997 
 455 22.475611 
 456 22.380804 
 457 22.286571 
 458 22.192907 
 459 22.099807 
 460 22.007268 
 461 21.915283 
 462 21.823850 
 463 21.732963 
 464 21.642618 
 465 21.552811 
 466 21.463538 
 467 21.374794 
 468 21.286575 
 469 21.198878 
 470 21.111697 
 471 21.025029 
 472 20.938870 
 473 20.853216 
 474 20.768063 
 475 20.683407 
 476 20.599244 
 477 20.515570 
 478 20.432382 
 479 20.349675 
 480 20.267447 
 481 20.185693 
 482 20.104409 
 483 20.023593 
 484 19.943241 
 485 19.863348 
 486 19.783912 
 487 19.704928 
 488 19.626395 
 489 19.548307 
 490 19.470663 
 491 19.393457 
 492 19.316688 
 493 19.240352 
 494 19.164445 
 495 19.088965 
 496 19.013907 
 497 18.939270 
 498 18.865050 
 499 18.791243 
 500 18.717848 
 501 18.644859 
 502 18.572276 
 503 18.500094 
 504 18.428311 
 505 18.356924 
 506 18.285929 
 507 18.215325 
 508 18.145108 
 509 18.075275 
 510 18.005823 
 511 17.936751 
 512 17.868054 
 513 17.799731 
 514 17.731778 
 515 17.664193 
 516 17.596973 
 517 17.530116 
 518 17.463619 
 519 17.397480 
 520 17.331695 
 521 17.266263 
 522 17.201181 
 523 17.136446 
 524 17.072055 
 525 17.008008 
 526 16.944300 
 527 16.880930 
 528 16.817896 
 529 16.755194 
 530 16.692823 
 531 16.630780 
 532 16.569063 
 533 16.507669 
 534 16.446598 
 535 16.385845 
 536 16.325409 
 537 16.265288 
 538 16.205480 
 539 16.145982 
 540 16.086793 
 541 16.027909 
 542 15.969330 
 543 15.911053 
 544 15.853075 
 545 15.795396 
 546 15.738012 
 547 15.680922 
 548 15.624124 
 549 15.567616 
 550 15.511396 
 551 15.455462 
 552 15.399811 
 553 15.344443 
 554 15.289355 
 555 15.234546 
 556 15.180012 
 557 15.125754 
 558 15.071768 
 559 15.018053 
 560 14.964607 
 561 14.911429 
 562 14.858516 
 563 14.805867 
 564 14.753480 
 565 14.701354 
 566 14.649486 
 567 14.597875 
 568 14.546519 
 569 14.495417 
 570 14.444567 
 571 14.393967 
 572 14.343616 
 573 14.293511 
 574 14.243653 
 575 14.194037 
 576 14.144665 
 577 14.095532 
 578 14.046639 
 579 13.997984 
 580 13.949565 
 581 13.901380 
 582 13.853428 
 583 13.805707 
 584 13.758217 
 585 13.710955 
 586 13.663921 
 587 13.617112 
 588 13.570527 
 589 13.524165 
 590 13.478025 
 591 13.432104 
 592 13.386403 
 593 13.340918 
 594 13.295649 
 595 13.250595 
 596 13.205754 
 597 13.161125 
 598 13.116706 
 599 13.072497 
 600 13.028495 
 601 12.984700 
 602 12.941111 
 603 12.897725 
 604 12.854542 
 605 12.811561 
 606 12.768780 
 607 12.726198 
 608 12.683814 
 609 12.641627 
 610 12.599635 
 611 12.557837 
 612 12.516232 
 613 12.474819 
 614 12.433596 
 615 12.392564 
 616 12.351719 
 617 12.311062 
 618 12.270591 
 619 12.230304 
 620 12.190202 
 621 12.150282 
 622 12.110544 
 623 12.070987 
 624 12.031609 
 625 11.992409 
 626 11.953387 
 627 11.914541 
 628 11.875870 
 629 11.837373 
 630 11.799050 
 631 11.760898 
 632 11.722918 
 633 11.685107 
 634 11.647466 
 635 11.609992 
 636 11.572686 
 637 11.535546 
 638 11.498571 
 639 11.461760 
 640 11.425112 
 641 11.388627 
 642 11.352303 
 643 11.316139 
 644 11.280134 
 645 11.244288 
 646 11.208600 
 647 11.173068 
 648 11.137691 
 649 11.102470 
 650 11.067403 
 651 11.032488 
 652 10.997726 
 653 10.963115 
 654 10.928655 
 655 10.894344 
 656 10.860182 
 657 10.826167 
 658 10.792300 
 659 10.758579 
 660 10.725003 
 661 10.691572 
 662 10.658284 
 663 10.625139 
 664 10.592136 
 665 10.559275 
 666 10.526554 
 667 10.493973 
 668 10.461530 
 669 10.429226 
 670 10.397059 
 671 10.365029 
 672 10.333134 
 673 10.301375 
 674 10.269749 
 675 10.238258 
 676 10.206899 
 677 10.175672 
 678 10.144577 
 679 10.113612 
 680 10.082777 
 681 10.052071 
 682 10.021493 
 683 9.991044 
 684 9.960721 
 685 9.930525 
 686 9.900454 
 687 9.870509 
 688 9.840687 
 689 9.810989 
 690 9.781415 
 691 9.751962 
 692 9.722631 
 693 9.693421 
 694 9.664331 
 695 9.635361 
 696 9.606510 
 697 9.577777 
 698 9.549161 
 699 9.520663 
 700 9.492282 
 701 9.464016 
 702 9.435865 
 703 9.407829 
 704 9.379907 
 705 9.352098 
 706 9.324402 
 707 9.296817 
 708 9.269345 
 709 9.241983 
 710 9.214732 
 711 9.187591 
 712 9.160559 
 713 9.133635 
 714 9.106819 
 715 9.080111 
 716 9.053510 
 717 9.027015 
 718 9.000626 
 719 8.974342 
 720 8.948163 
 721 8.922088 
 722 8.896117 
 723 8.870248 
 724 8.844482 
 725 8.818818 
 726 8.793256 
 727 8.767794 
 728 8.742433 
 729 8.717172 
 730 8.692010 
 731 8.666947 
 732 8.641982 
 733 8.617115 
 734 8.592345 
 735 8.567672 
 736 8.543096 
 737 8.518615 
 738 8.494230 
 739 8.469939 
 740 8.445743 
 741 8.421641 
 742 8.397632 
 743 8.373716 
 744 8.349893 
 745 8.326161 
 746 8.302521 
 747 8.278972 
 748 8.255514 
 749 8.232146 
 750 8.208868 
 751 8.185678 
 752 8.162578 
 753 8.139566 
 754 8.116642 
 755 8.093805 
 756 8.071055 
 757 8.048392 
 758 8.025815 
 759 8.003324 
 760 7.980918 
 761 7.958597 
 762 7.936361 
 763 7.914208 
 764 7.892139 
 765 7.870154 
 766 7.848251 
 767 7.826430 
 768 7.804692 
 769 7.783035 
 770 7.761459 
 771 7.739964 
 772 7.718549 
 773 7.697215 
 774 7.675960 
 775 7.654784 
 776 7.633687 
 777 7.612668 
 778 7.591727 
 779 7.570865 
 780 7.550079 
 781 7.529370 
 782 7.508738 
 783 7.488182 
 784 7.467702 
 785 7.447298 
 786 7.426968 
 787 7.406713 
 788 7.386532 
 789 7.366426 
 790 7.346393 
 791 7.326433 
 792 7.306547 
 793 7.286733 
 794 7.266991 
 795 7.247321 
 796 7.227723 
 797 7.208196 
 798 7.188739 
 799 7.169354 
 800 7.150038 
 801 7.130792 
 802 7.111616 
 803 7.092509 
 804 7.073471 
 805 7.054502 
 806 7.035601 
 807 7.016768 
 808 6.998002 
 809 6.979304 
 810 6.960672 
 811 6.942107 
 812 6.923609 
 813 6.905177 
 814 6.886810 
 815 6.868509 
 816 6.850273 
 817 6.832101 
 818 6.813994 
 819 6.795952 
 820 6.777973 
 821 6.760058 
 822 6.742206 
 823 6.724418 
 824 6.706692 
 825 6.689028 
 826 6.671427 
 827 6.653887 
 828 6.636409 
 829 6.618993 
 830 6.601637 
 831 6.584343 
 832 6.567108 
 833 6.549934 
 834 6.532820 
 835 6.515765 
 836 6.498770 
 837 6.481834 
 838 6.464957 
 839 6.448138 
 840 6.431378 
 841 6.414676 
 842 6.398031 
 843 6.381444 
 844 6.364914 
 845 6.348442 
 846 6.332026 
 847 6.315666 
 848 6.299363 
 849 6.283116 
 850 6.266924 
 851 6.250788 
 852 6.234707 
 853 6.218681 
 854 6.202710 
 855 6.186794 
 856 6.170931 
 857 6.155123 
 858 6.139368 
 859 6.123667 
 860 6.108020 
 861 6.092425 
 862 6.076883 
 863 6.061394 
 864 6.045957 
 865 6.030573 
 866 6.015240 
 867 5.999959 
 868 5.984729 
 869 5.969551 
 870 5.954423 
 871 5.939347 
 872 5.924321 
 873 5.909345 
 874 5.894419 
 875 5.879543 
 876 5.864717 
 877 5.849941 
 878 5.835213 
 879 5.820535 
 880 5.805906 
 881 5.791325 
 882 5.776792 
 883 5.762308 
 884 5.747872 
 885 5.733483 
 886 5.719142 
 887 5.704849 
 888 5.690602 
 889 5.676403 
 890 5.662250 
 891 5.648144 
 892 5.634084 
 893 5.620070 
 894 5.606103 
 895 5.592181 
 896 5.578304 
 897 5.564474 
 898 5.550688 
 899 5.536947 
 900 5.523251 
 901 5.509600 
 902 5.495993 
 903 5.482430 
 904 5.468911 
 905 5.455437 
 906 5.442005 
 907 5.428618 
 908 5.415273 
 909 5.401972 
 910 5.388714 
 911 5.375499 
 912 5.362326 
 913 5.349195 
 914 5.336107 
 915 5.323061 
 916 5.310056 
 917 5.297094 
 918 5.284173 
 919 5.271293 
 920 5.258455 
 921 5.245657 
 922 5.232900 
 923 5.220184 
 924 5.207509 
 925 5.194874 
 926 5.182279 
 927 5.169724 
 928 5.157209 
 929 5.144733 
 930 5.132297 
 931 5.119901 
 932 5.107543 
 933 5.095225 
 934 5.082945 
 935 5.070705 
 936 5.058502 
 937 5.046339 
 938 5.034213 
 939 5.022126 
 940 5.010076 
 941 4.998064 
 942 4.986090 
 943 4.974153 
 944 4.962254 
 945 4.950392 
 946 4.938566 
 947 4.926778 
 948 4.915026 
 949 4.903311 
 950 4.891633 
 951 4.879990 
 952 4.868384 
 953 4.856814 
 954 4.845279 
 955 4.833781 
 956 4.822317 
 957 4.810890 
 958 4.799497 
 959 4.788140 
 960 4.776817 
 961 4.765530 
 962 4.754277 
 963 4.743059 
 964 4.731875 
 965 4.720725 
 966 4.709610 
 967 4.698528 
 968 4.687481 
 969 4.676467 
 970 4.665487 
 971 4.654540 
 972 4.643627 
 973 4.632747 
 974 4.621900 
 975 4.611086 
 976 4.600305 
 977 4.589556 
 978 4.578840 
 979 4.568157 
 980 4.557506 
 981 4.546887 
 982 4.536300 
 983 4.525745 
 984 4.515222 
 985 4.504730 
 986 4.494271 
 987 4.483842 
 988 4.473445 
 989 4.463079 
 990 4.452744 
 991 4.442441 
 992 4.432168 
 993 4.421925 
 994 4.411714 
 995 4.401533 
 996 4.391382 
 997 4.381261 
 998 4.371171 
 999 4.361110 
 1000 4.351080 
 1001 4.341079 
 1002 4.331108 
 1003 4.321167 
 1004 4.311255 
 1005 4.301372 
 1006 4.291519 
 1007 4.281694 
 1008 4.271899 
 1009 4.262133 
 1010 4.252395 
 1011 4.242686 
 1012 4.233006 
 1013 4.223354 
 1014 4.213730 
 1015 4.204135 
 1016 4.194567 
 1017 4.185028 
 1018 4.175517 
 1019 4.166033 
 1020 4.156578 
 1021 4.147149 
 1022 4.137749 
 1023 4.128375 
 1024 4.119030 
 1025 4.109711 
 1026 4.100419 
 1027 4.091154 
 1028 4.081917 
 1029 4.072706 
 1030 4.063521 
 1031 4.054363 
 1032 4.045232 
 1033 4.036127 
 1034 4.027049 
 1035 4.017996 
 1036 4.008970 
 1037 3.999970 
 1038 3.990996 
 1039 3.982047 
 1040 3.973124 
 1041 3.964227 
 1042 3.955355 
 1043 3.946509 
 1044 3.937688 
 1045 3.928892 
 1046 3.920122 
 1047 3.911376 
 1048 3.902656 
 1049 3.893960 
 1050 3.885289 
 1051 3.876643 
 1052 3.868021 
 1053 3.859424 
 1054 3.850852 
 1055 3.842303 
 1056 3.833779 
 1057 3.825279 
 1058 3.816804 
 1059 3.808352 
 1060 3.799924 
 1061 3.791520 
 1062 3.783139 
 1063 3.774782 
 1064 3.766449 
 1065 3.758139 
 1066 3.749853 
 1067 3.741590 
 1068 3.733350 
 1069 3.725133 
 1070 3.716939 
 1071 3.708768 
 1072 3.700620 
 1073 3.692495 
 1074 3.684393 
 1075 3.676313 
 1076 3.668256 
 1077 3.660221 
 1078 3.652209 
 1079 3.644219 
 1080 3.636251 
 1081 3.628305 
 1082 3.620381 
 1083 3.612480 
 1084 3.604600 
 1085 3.596742 
 1086 3.588906 
 1087 3.581092 
 1088 3.573299 
 1089 3.565528 
 1090 3.557778 
 1091 3.550049 
 1092 3.542342 
 1093 3.534656 
 1094 3.526991 
 1095 3.519348 
 1096 3.511725 
 1097 3.504123 
 1098 3.496542 
 1099 3.488982 
 1100 3.481443 
 1101 3.473924 
 1102 3.466425 
 1103 3.458948 
 1104 3.451490 
 1105 3.444053 
 1106 3.436637 
 1107 3.429240 
 1108 3.421864 
 1109 3.414508 
 1110 3.407171 
 1111 3.399855 
 1112 3.392558 
 1113 3.385282 
 1114 3.378025 
 1115 3.370787 
 1116 3.363570 
 1117 3.356371 
 1118 3.349193 
 1119 3.342033 
 1120 3.334893 
 1121 3.327772 
 1122 3.320670 
 1123 3.313588 
 1124 3.306524 
 1125 3.299480 
 1126 3.292454 
 1127 3.285448 
 1128 3.278460 
 1129 3.271490 
 1130 3.264540 
 1131 3.257608 
 1132 3.250694 
 1133 3.243800 
 1134 3.236923 
 1135 3.230065 
 1136 3.223225 
 1137 3.216403 
 1138 3.209600 
 1139 3.202814 
 1140 3.196047 
 1141 3.189297 
 1142 3.182566 
 1143 3.175852 
 1144 3.169156 
 1145 3.162478 
 1146 3.155818 
 1147 3.149175 
 1148 3.142550 
 1149 3.135942 
 1150 3.129352 
 1151 3.122779 
 1152 3.116223 
 1153 3.109685 
 1154 3.103164 
 1155 3.096660 
 1156 3.090173 
 1157 3.083703 
 1158 3.077250 
 1159 3.070814 
 1160 3.064395 
 1161 3.057992 
 1162 3.051607 
 1163 3.045238 
 1164 3.038886 
 1165 3.032550 
 1166 3.026231 
 1167 3.019928 
 1168 3.013642 
 1169 3.007372 
 1170 3.001118 
 1171 2.994881 
 1172 2.988660 
 1173 2.982455 
 1174 2.976266 
 1175 2.970093 
 1176 2.963937 
 1177 2.957796 
 1178 2.951671 
 1179 2.945562 
 1180 2.939468 
 1181 2.933391 
 1182 2.927329 
 1183 2.921282 
 1184 2.915252 
 1185 2.909236 
 1186 2.903237 
 1187 2.897252 
 1188 2.891283 
 1189 2.885330 
 1190 2.879391 
 1191 2.873468 
 1192 2.867560 
 1193 2.861667 
 1194 2.855790 
 1195 2.849927 
 1196 2.844079 
 1197 2.838246 
 1198 2.832428 
 1199 2.826625 
 1200 2.820837 
 1201 2.815063 
 1202 2.809304 
 1203 2.803560 
 1204 2.797831 
 1205 2.792116 
 1206 2.786415 
 1207 2.780729 
 1208 2.775057 
 1209 2.769400 
 1210 2.763757 
 1211 2.758128 
 1212 2.752513 
 1213 2.746913 
 1214 2.741327 
 1215 2.735755 
 1216 2.730197 
 1217 2.724653 
 1218 2.719122 
 1219 2.713606 
 1220 2.708104 
 1221 2.702615 
 1222 2.697141 
 1223 2.691680 
 1224 2.686232 
 1225 2.680799 
 1226 2.675379 
 1227 2.669972 
 1228 2.664579 
 1229 2.659200 
 1230 2.653834 
 1231 2.648481 
 1232 2.643142 
 1233 2.637816 
 1234 2.632503 
 1235 2.627204 
 1236 2.621917 
 1237 2.616644 
 1238 2.611384 
 1239 2.606137 
 1240 2.600903 
 1241 2.595682 
 1242 2.590474 
 1243 2.585279 
 1244 2.580096 
 1245 2.574927 
 1246 2.569770 
 1247 2.564626 
 1248 2.559495 
 1249 2.554376 
 1250 2.549270 
 1251 2.544177 
 1252 2.539096 
 1253 2.534028 
 1254 2.528972 
 1255 2.523928 
 1256 2.518897 
 1257 2.513879 
 1258 2.508872 
 1259 2.503878 
 1260 2.498896 
 1261 2.493926 
 1262 2.488969 
 1263 2.484023 
 1264 2.479090 
 1265 2.474169 
 1266 2.469259 
 1267 2.464362 
 1268 2.459477 
 1269 2.454603 
 1270 2.449742 
 1271 2.444892 
 1272 2.440054 
 1273 2.435228 
 1274 2.430413 
 1275 2.425610 
 1276 2.420819 
 1277 2.416040 
 1278 2.411272 
 1279 2.406515 
 1280 2.401770 
 1281 2.397037 
 1282 2.392315 
 1283 2.387604 
 1284 2.382905 
 1285 2.378217 
 1286 2.373540 
 1287 2.368875 
 1288 2.364221 
 1289 2.359578 
 1290 2.354946 
 1291 2.350326 
 1292 2.345716 
 1293 2.341118 
 1294 2.336530 
 1295 2.331954 
 1296 2.327388 
 1297 2.322834 
 1298 2.318290 
 1299 2.313758 
 1300 2.309236 
 1301 2.304725 
 1302 2.300224 
 1303 2.295735 
 1304 2.291256 
 1305 2.286788 
 1306 2.282330 
 1307 2.277883 
 1308 2.273447 
 1309 2.269021 
 1310 2.264606 
 1311 2.260201 
 1312 2.255806 
 1313 2.251422 
 1314 2.247049 
 1315 2.242686 
 1316 2.238333 
 1317 2.233990 
 1318 2.229658 
 1319 2.225336 
 1320 2.221024 
 1321 2.216722 
 1322 2.212431 
 1323 2.208150 
 1324 2.203878 
 1325 2.199617 
 1326 2.195366 
 1327 2.191125 
 1328 2.186893 
 1329 2.182672 
 1330 2.178461 
 1331 2.174259 
 1332 2.170068 
 1333 2.165886 
 1334 2.161714 
 1335 2.157552 
 1336 2.153399 
 1337 2.149256 
 1338 2.145123 
 1339 2.141000 
 1340 2.136886 
 1341 2.132782 
 1342 2.128687 
 1343 2.124602 
 1344 2.120526 
 1345 2.116460 
 1346 2.112404 
 1347 2.108357 
 1348 2.104319 
 1349 2.100290 
 1350 2.096271 
 1351 2.092262 
 1352 2.088261 
 1353 2.084270 
 1354 2.080288 
 1355 2.076316 
 1356 2.072352 
 1357 2.068398 
 1358 2.064453 
 1359 2.060517 
 1360 2.056590 
 1361 2.052672 
 1362 2.048763 
 1363 2.044863 
 1364 2.040972 
 1365 2.037090 
 1366 2.033217 
 1367 2.029353 
 1368 2.025498 
 1369 2.021652 
 1370 2.017814 
 1371 2.013985 
 1372 2.010166 
 1373 2.006354 
 1374 2.002552 
 1375 1.998758 
 1376 1.994973 
 1377 1.991197 
 1378 1.987429 
 1379 1.983670 
 1380 1.979919 
 1381 1.976177 
 1382 1.972444 
 1383 1.968719 
 1384 1.965003 
 1385 1.961295 
 1386 1.957595 
 1387 1.953904 
 1388 1.950221 
 1389 1.946547 
 1390 1.942881 
 1391 1.939223 
 1392 1.935574 
 1393 1.931933 
 1394 1.928300 
 1395 1.924675 
 1396 1.921059 
 1397 1.917451 
 1398 1.913851 
 1399 1.910259 
 1400 1.906675 
 1401 1.903099 
 1402 1.899532 
 1403 1.895972 
 1404 1.892420 
 1405 1.888877 
 1406 1.885341 
 1407 1.881814 
 1408 1.878294 
 1409 1.874782 
 1410 1.871278 
 1411 1.867782 
 1412 1.864294 
 1413 1.860814 
 1414 1.857341 
 1415 1.853877 
 1416 1.850420 
 1417 1.846970 
 1418 1.843529 
 1419 1.840095 
 1420 1.836669 
 1421 1.833250 
 1422 1.829840 
 1423 1.826436 
 1424 1.823041 
 1425 1.819653 
 1426 1.816272 
 1427 1.812899 
 1428 1.809534 
 1429 1.806176 
 1430 1.802825 
 1431 1.799482 
 1432 1.796147 
 1433 1.792818 
 1434 1.789498 
 1435 1.786184 
 1436 1.782878 
 1437 1.779579 
 1438 1.776288 
 1439 1.773004 
 1440 1.769727 
 1441 1.766457 
 1442 1.763195 
 1443 1.759939 
 1444 1.756691 
 1445 1.753451 
 1446 1.750217 
 1447 1.746990 
 1448 1.743771 
 1449 1.740558 
 1450 1.737353 
 1451 1.734155 
 1452 1.730964 
 1453 1.727780 
 1454 1.724602 
 1455 1.721432 
 1456 1.718269 
 1457 1.715113 
 1458 1.711963 
 1459 1.708821 
 1460 1.705685 
 1461 1.702557 
 1462 1.699435 
 1463 1.696320 
 1464 1.693211 
 1465 1.690110 
 1466 1.687015 
 1467 1.683927 
 1468 1.680846 
 1469 1.677772 
 1470 1.674704 
 1471 1.671643 
 1472 1.668589 
 1473 1.665541 
 1474 1.662500 
 1475 1.659466 
 1476 1.656438 
 1477 1.653417 
 1478 1.650402 
 1479 1.647394 
 1480 1.644392 
 1481 1.641397 
 1482 1.638408 
 1483 1.635426 
 1484 1.632450 
 1485 1.629481 
 1486 1.626518 
 1487 1.623562 
 1488 1.620612 
 1489 1.617668 
 1490 1.614731 
 1491 1.611800 
 1492 1.608875 
 1493 1.605957 
 1494 1.603045 
 1495 1.600139 
 1496 1.597240 
 1497 1.594347 
 1498 1.591460 
 1499 1.588579 
 1500 1.585704 
 1501 1.582836 
 1502 1.579974 
 1503 1.577117 
 1504 1.574267 
 1505 1.571424 
 1506 1.568586 
 1507 1.565754 
 1508 1.562929 
 1509 1.560109 
 1510 1.557295 
 1511 1.554488 
 1512 1.551686 
 1513 1.548891 
 1514 1.546101 
 1515 1.543318 
 1516 1.540540 
 1517 1.537768 
 1518 1.535002 
 1519 1.532242 
 1520 1.529488 
 1521 1.526740 
 1522 1.523998 
 1523 1.521261 
 1524 1.518531 
 1525 1.515806 
 1526 1.513087 
 1527 1.510373 
 1528 1.507666 
 1529 1.504964 
 1530 1.502268 
 1531 1.499578 
 1532 1.496893 
 1533 1.494214 
 1534 1.491541 
 1535 1.488873 
 1536 1.486211 
 1537 1.483555 
 1538 1.480904 
 1539 1.478259 
 1540 1.475619 
 1541 1.472985 
 1542 1.470357 
 1543 1.467734 
 1544 1.465116 
 1545 1.462504 
 1546 1.459898 
 1547 1.457297 
 1548 1.454702 
 1549 1.452112 
 1550 1.449527 
 1551 1.446948 
 1552 1.444374 
 1553 1.441806 
 1554 1.439243 
 1555 1.436686 
 1556 1.434134 
 1557 1.431587 
 1558 1.429045 
 1559 1.426509 
 1560 1.423978 
 1561 1.421453 
 1562 1.418933 
 1563 1.416418 
 1564 1.413908 
 1565 1.411403 
 1566 1.408904 
 1567 1.406410 
 1568 1.403921 
 1569 1.401438 
 1570 1.398959 
 1571 1.396486 
 1572 1.394018 
 1573 1.391555 
 1574 1.389097 
 1575 1.386644 
 1576 1.384196 
 1577 1.381754 
 1578 1.379316 
 1579 1.376884 
 1580 1.374456 
 1581 1.372034 
 1582 1.369617 
 1583 1.367204 
 1584 1.364797 
 1585 1.362394 
 1586 1.359997 
 1587 1.357605 
 1588 1.355217 
 1589 1.352835 
 1590 1.350457 
 1591 1.348084 
 1592 1.345716 
 1593 1.343353 
 1594 1.340995 
 1595 1.338642 
 1596 1.336294 
 1597 1.333950 
 1598 1.331612 
 1599 1.329278 
 1600 1.326949 
 1601 1.324624 
 1602 1.322305 
 1603 1.319990 
 1604 1.317680 
 1605 1.315375 
 1606 1.313075 
 1607 1.310779 
 1608 1.308488 
 1609 1.306201 
 1610 1.303920 
 1611 1.301643 
 1612 1.299370 
 1613 1.297103 
 1614 1.294840 
 1615 1.292581 
 1616 1.290327 
 1617 1.288078 
 1618 1.285834 
 1619 1.283594 
 1620 1.281358 
 1621 1.279127 
 1622 1.276901 
 1623 1.274679 
 1624 1.272462 
 1625 1.270249 
 1626 1.268041 
 1627 1.265837 
 1628 1.263638 
 1629 1.261443 
 1630 1.259253 
 1631 1.257067 
 1632 1.254885 
 1633 1.252708 
 1634 1.250536 
 1635 1.248368 
 1636 1.246204 
 1637 1.244044 
 1638 1.241889 
 1639 1.239739 
 1640 1.237592 
 1641 1.235450 
 1642 1.233313 
 1643 1.231179 
 1644 1.229050 
 1645 1.226926 
 1646 1.224805 
 1647 1.222689 
 1648 1.220577 
 1649 1.218470 
 1650 1.216367 
 1651 1.214267 
 1652 1.212173 
 1653 1.210082 
 1654 1.207996 
 1655 1.205913 
 1656 1.203835 
 1657 1.201761 
 1658 1.199692 
 1659 1.197626 
 1660 1.195565 
 1661 1.193508 
 1662 1.191455 
 1663 1.189406 
 1664 1.187361 
 1665 1.185320 
 1666 1.183283 
 1667 1.181251 
 1668 1.179222 
 1669 1.177198 
 1670 1.175177 
 1671 1.173161 
 1672 1.171149 
 1673 1.169140 
 1674 1.167136 
 1675 1.165136 
 1676 1.163140 
 1677 1.161147 
 1678 1.159159 
 1679 1.157175 
 1680 1.155194 
 1681 1.153218 
 1682 1.151245 
 1683 1.149277 
 1684 1.147312 
 1685 1.145351 
 1686 1.143394 
 1687 1.141441 
 1688 1.139492 
 1689 1.137547 
 1690 1.135606 
 1691 1.133668 
 1692 1.131735 
 1693 1.129805 
 1694 1.127879 
 1695 1.125957 
 1696 1.124038 
 1697 1.122124 
 1698 1.120213 
 1699 1.118306 
 1700 1.116403 
 1701 1.114504 
 1702 1.112608 
 1703 1.110716 
 1704 1.108828 
 1705 1.106943 
 1706 1.105063 
 1707 1.103186 
 1708 1.101312 
 1709 1.099443 
 1710 1.097577 
 1711 1.095715 
 1712 1.093856 
 1713 1.092001 
 1714 1.090150 
 1715 1.088302 
 1716 1.086458 
 1717 1.084618 
 1718 1.082781 
 1719 1.080948 
 1720 1.079119 
 1721 1.077293 
 1722 1.075470 
 1723 1.073652 
 1724 1.071836 
 1725 1.070025 
 1726 1.068217 
 1727 1.066412 
 1728 1.064611 
 1729 1.062814 
 1730 1.061020 
 1731 1.059229 
 1732 1.057442 
 1733 1.055659 
 1734 1.053879 
 1735 1.052103 
 1736 1.050330 
 1737 1.048560 
 1738 1.046794 
 1739 1.045031 
 1740 1.043272 
 1741 1.041517 
 1742 1.039764 
 1743 1.038015 
 1744 1.036270 
 1745 1.034528 
 1746 1.032789 
 1747 1.031054 
 1748 1.029322 
 1749 1.027593 
 1750 1.025868 
 1751 1.024146 
 1752 1.022428 
 1753 1.020712 
 1754 1.019001 
 1755 1.017292 
 1756 1.015587 
 1757 1.013885 
 1758 1.012186 
 1759 1.010491 
 1760 1.008799 
 1761 1.007110 
 1762 1.005425 
 1763 1.003743 
 1764 1.002064 
 1765 1.000388 
 1766 0.998715 
 1767 0.997046 
 1768 0.995380 
 1769 0.993717 
 1770 0.992058 
 1771 0.990402 
 1772 0.988748 
 1773 0.987098 
 1774 0.985452 
 1775 0.983808 
 1776 0.982168 
 1777 0.980530 
 1778 0.978896 
 1779 0.977265 
 1780 0.975637 
 1781 0.974013 
 1782 0.972391 
 1783 0.970772 
 1784 0.969157 
 1785 0.967545 
 1786 0.965936 
 1787 0.964330 
 1788 0.962727 
 1789 0.961127 
 1790 0.959530 
 1791 0.957936 
 1792 0.956345 
 1793 0.954758 
 1794 0.953173 
 1795 0.951592 
 1796 0.950013 
 1797 0.948437 
 1798 0.946865 
 1799 0.945295 
 1800 0.943729 
 1801 0.942165 
 1802 0.940605 
 1803 0.939047 
 1804 0.937493 
 1805 0.935941 
 1806 0.934392 
 1807 0.932847 
 1808 0.931304 
 1809 0.929764 
 1810 0.928227 
 1811 0.926693 
 1812 0.925162 
 1813 0.923634 
 1814 0.922109 
 1815 0.920587 
 1816 0.919067 
 1817 0.917551 
 1818 0.916037 
 1819 0.914527 
 1820 0.913019 
 1821 0.911514 
 1822 0.910012 
 1823 0.908512 
 1824 0.907016 
 1825 0.905522 
 1826 0.904031 
 1827 0.902543 
 1828 0.901058 
 1829 0.899576 
 1830 0.898097 
 1831 0.896620 
 1832 0.895146 
 1833 0.893675 
 1834 0.892206 
 1835 0.890741 
 1836 0.889278 
 1837 0.887818 
 1838 0.886361 
 1839 0.884906 
 1840 0.883454 
 1841 0.882005 
 1842 0.880559 
 1843 0.879116 
 1844 0.877675 
 1845 0.876237 
 1846 0.874801 
 1847 0.873368 
 1848 0.871938 
 1849 0.870511 
 1850 0.869087 
 1851 0.867665 
 1852 0.866245 
 1853 0.864829 
 1854 0.863415 
 1855 0.862003 
 1856 0.860595 
 1857 0.859189 
 1858 0.857785 
 1859 0.856385 
 1860 0.854987 
 1861 0.853591 
 1862 0.852198 
 1863 0.850808 
 1864 0.849420 
 1865 0.848035 
 1866 0.846653 
 1867 0.845273 
 1868 0.843896 
 1869 0.842521 
 1870 0.841149 
 1871 0.839779 
 1872 0.838412 
 1873 0.837048 
 1874 0.835686 
 1875 0.834327 
 1876 0.832970 
 1877 0.831616 
 1878 0.830264 
 1879 0.828915 
 1880 0.827568 
 1881 0.826224 
 1882 0.824882 
 1883 0.823543 
 1884 0.822206 
 1885 0.820872 
 1886 0.819540 
 1887 0.818211 
 1888 0.816884 
 1889 0.815560 
 1890 0.814238 
 1891 0.812919 
 1892 0.811602 
 1893 0.810287 
 1894 0.808975 
 1895 0.807666 
 1896 0.806359 
 1897 0.805054 
 1898 0.803752 
 1899 0.802452 
 1900 0.801154 
 1901 0.799859 
 1902 0.798566 
 1903 0.797276 
 1904 0.795988 
 1905 0.794703 
 1906 0.793419 
 1907 0.792139 
 1908 0.790860 
 1909 0.789584 
 1910 0.788311 
 1911 0.787039 
 1912 0.785770 
 1913 0.784504 
 1914 0.783239 
 1915 0.781977 
 1916 0.780718 
 1917 0.779460 
 1918 0.778206 
 1919 0.776953 
 1920 0.775702 
 1921 0.774454 
 1922 0.773209 
 1923 0.771965 
 1924 0.770724 
 1925 0.769485 
 1926 0.768249 
 1927 0.767014 
 1928 0.765782 
 1929 0.764552 
 1930 0.763325 
 1931 0.762100 
 1932 0.760877 
 1933 0.759656 
 1934 0.758437 
 1935 0.757221 
 1936 0.756007 
 1937 0.754795 
 1938 0.753585 
 1939 0.752378 
 1940 0.751173 
 1941 0.749970 
 1942 0.748769 
 1943 0.747570 
 1944 0.746374 
 1945 0.745180 
 1946 0.743988 
 1947 0.742798 
 1948 0.741610 
 1949 0.740425 
 1950 0.739242 
 1951 0.738060 
 1952 0.736881 
 1953 0.735705 
 1954 0.734530 
 1955 0.733357 
 1956 0.732187 
 1957 0.731019 
 1958 0.729852 
 1959 0.728688 
 1960 0.727527 
 1961 0.726367 
 1962 0.725209 
 1963 0.724054 
 1964 0.722900 
 1965 0.721749 
 1966 0.720599 
 1967 0.719452 
 1968 0.718307 
 1969 0.717164 
 1970 0.716023 
 1971 0.714884 
 1972 0.713748 
 1973 0.712613 
 1974 0.711480 
 1975 0.710350 
 1976 0.709221 
 1977 0.708095 
 1978 0.706970 
 1979 0.705848 
 1980 0.704727 
 1981 0.703609 
 1982 0.702493 
 1983 0.701378 
 1984 0.700266 
 1985 0.699156 
 1986 0.698048 
 1987 0.696941 
 1988 0.695837 
 1989 0.694735 
 1990 0.693635 
 1991 0.692536 
 1992 0.691440 
 1993 0.690346 
 1994 0.689253 
 1995 0.688163 
 1996 0.687075 
 1997 0.685988 
 1998 0.684904 
 1999 0.683821 
 2000 0.682741 
 2001 0.681662 
 2002 0.680585 
 2003 0.679511 
 2004 0.678438 
 2005 0.677367 
 2006 0.676298 
 2007 0.675231 
 2008 0.674166 
 2009 0.673103 
 2010 0.672042 
 2011 0.670982 
 2012 0.669925 
 2013 0.668869 
 2014 0.667816 
 2015 0.666764 
 2016 0.665714 
 2017 0.664666 
 2018 0.663620 
 2019 0.662576 
 2020 0.661533 
 2021 0.660493 
 2022 0.659454 
 2023 0.658417 
 2024 0.657383 
 2025 0.656350 
 2026 0.655318 
 2027 0.654289 
 2028 0.653261 
 2029 0.652236 
 2030 0.651212 
 2031 0.650190 
 2032 0.649170 
 2033 0.648151 
 2034 0.647135 
 2035 0.646120 
 2036 0.645107 
 2037 0.644096 
 2038 0.643087 
 2039 0.642079 
 2040 0.641074 
 2041 0.640070 
 2042 0.639068 
 2043 0.638067 
 2044 0.637069 
 2045 0.636072 
 2046 0.635077 
 2047 0.634084 
 2048 0.633093 
 2049 0.632103 
 2050 0.631115 
 2051 0.630129 
 2052 0.629144 
 2053 0.628162 
 2054 0.627181 
 2055 0.626202 
 2056 0.625224 
 2057 0.624249 
 2058 0.623275 
 2059 0.622302 
 2060 0.621332 
 2061 0.620363 
 2062 0.619396 
 2063 0.618431 
 2064 0.617467 
 2065 0.616505 
 2066 0.615545 
 2067 0.614587 
 2068 0.613630 
 2069 0.612675 
 2070 0.611721 
 2071 0.610769 
 2072 0.609819 
 2073 0.608871 
 2074 0.607924 
 2075 0.606979 
 2076 0.606036 
 2077 0.605094 
 2078 0.604154 
 2079 0.603216 
 2080 0.602279 
 2081 0.601344 
 2082 0.600411 
 2083 0.599479 
 2084 0.598549 
 2085 0.597621 
 2086 0.596694 
 2087 0.595769 
 2088 0.594845 
 2089 0.593923 
 2090 0.593003 
 2091 0.592084 
 2092 0.591167 
 2093 0.590252 
 2094 0.589338 
 2095 0.588426 
 2096 0.587515 
 2097 0.586606 
 2098 0.585699 
 2099 0.584793 
 2100 0.583888 
 2101 0.582986 
 2102 0.582085 
 2103 0.581185 
 2104 0.580287 
 2105 0.579391 
 2106 0.578496 
 2107 0.577603 
 2108 0.576712 
 2109 0.575822 
 2110 0.574933 
 2111 0.574046 
 2112 0.573161 
 2113 0.572277 
 2114 0.571395 
 2115 0.570514 
 2116 0.569635 
 2117 0.568757 
 2118 0.567881 
 2119 0.567006 
 2120 0.566133 
 2121 0.565262 
 2122 0.564392 
 2123 0.563523 
 2124 0.562656 
 2125 0.561791 
 2126 0.560927 
 2127 0.560065 
 2128 0.559204 
 2129 0.558344 
 2130 0.557486 
 2131 0.556630 
 2132 0.555775 
 2133 0.554922 
 2134 0.554070 
 2135 0.553219 
 2136 0.552370 
 2137 0.551523 
 2138 0.550677 
 2139 0.549832 
 2140 0.548989 
 2141 0.548148 
 2142 0.547308 
 2143 0.546469 
 2144 0.545632 
 2145 0.544796 
 2146 0.543962 
 2147 0.543129 
 2148 0.542297 
 2149 0.541467 
 2150 0.540639 
 2151 0.539812 
 2152 0.538986 
 2153 0.538162 
 2154 0.537339 
 2155 0.536518 
 2156 0.535698 
 2157 0.534879 
 2158 0.534062 
 2159 0.533246 
 2160 0.532432 
 2161 0.531619 
 2162 0.530808 
 2163 0.529998 
 2164 0.529189 
 2165 0.528382 
 2166 0.527576 
 2167 0.526772 
 2168 0.525969 
 2169 0.525167 
 2170 0.524367 
 2171 0.523568 
 2172 0.522770 
 2173 0.521974 
 2174 0.521179 
 2175 0.520386 
 2176 0.519594 
 2177 0.518803 
 2178 0.518014 
 2179 0.517226 
 2180 0.516440 
 2181 0.515654 
 2182 0.514871 
 2183 0.514088 
 2184 0.513307 
 2185 0.512527 
 2186 0.511749 
 2187 0.510972 
 2188 0.510196 
 2189 0.509421 
 2190 0.508648 
 2191 0.507876 
 2192 0.507106 
 2193 0.506337 
 2194 0.505569 
 2195 0.504803 
 2196 0.504037 
 2197 0.503273 
 2198 0.502511 
 2199 0.501750 
 2200 0.500990 
 2201 0.500231 
 2202 0.499474 
 2203 0.498718 
 2204 0.497963 
 2205 0.497210 
 2206 0.496458 
 2207 0.495707 
 2208 0.494957 
 2209 0.494209 
 2210 0.493462 
 2211 0.492716 
 2212 0.491972 
 2213 0.491229 
 2214 0.490487 
 2215 0.489746 
 2216 0.489007 
 2217 0.488269 
 2218 0.487532 
 2219 0.486796 
 2220 0.486062 
 2221 0.485329 
 2222 0.484597 
 2223 0.483866 
 2224 0.483137 
 2225 0.482409 
 2226 0.481682 
 2227 0.480957 
 2228 0.480232 
 2229 0.479509 
 2230 0.478787 
 2231 0.478067 
 2232 0.477347 
 2233 0.476629 
 2234 0.475912 
 2235 0.475197 
 2236 0.474482 
 2237 0.473769 
 2238 0.473057 
 2239 0.472346 
 2240 0.471636 
 2241 0.470928 
 2242 0.470220 
 2243 0.469514 
 2244 0.468810 
 2245 0.468106 
 2246 0.467403 
 2247 0.466702 
 2248 0.466002 
 2249 0.465303 
 2250 0.464606 
 2251 0.463909 
 2252 0.463214 
 2253 0.462520 
 2254 0.461827 
 2255 0.461135 
 2256 0.460444 
 2257 0.459755 
 2258 0.459067 
 2259 0.458379 
 2260 0.457693 
 2261 0.457009 
 2262 0.456325 
 2263 0.455643 
 2264 0.454961 
 2265 0.454281 
 2266 0.453602 
 2267 0.452924 
 2268 0.452248 
 2269 0.451572 
 2270 0.450898 
 2271 0.450224 
 2272 0.449552 
 2273 0.448881 
 2274 0.448211 
 2275 0.447543 
 2276 0.446875 
 2277 0.446209 
 2278 0.445543 
 2279 0.444879 
 2280 0.444216 
 2281 0.443554 
 2282 0.442893 
 2283 0.442233 
 2284 0.441575 
 2285 0.440917 
 2286 0.440261 
 2287 0.439605 
 2288 0.438951 
 2289 0.438298 
 2290 0.437646 
 2291 0.436995 
 2292 0.436345 
 2293 0.435696 
 2294 0.435049 
 2295 0.434402 
 2296 0.433757 
 2297 0.433112 
 2298 0.432469 
 2299 0.431827 
 2300 0.431186 
 2301 0.430546 
 2302 0.429907 
 2303 0.429269 
 2304 0.428632 
 2305 0.427996 
 2306 0.427362 
 2307 0.426728 
 2308 0.426095 
 2309 0.425464 
 2310 0.424833 
 2311 0.424204 
 2312 0.423576 
 2313 0.422948 
 2314 0.422322 
 2315 0.421697 
 2316 0.421073 
 2317 0.420450 
 2318 0.419828 
 2319 0.419207 
 2320 0.418587 
 2321 0.417968 
 2322 0.417350 
 2323 0.416733 
 2324 0.416117 
 2325 0.415502 
 2326 0.414889 
 2327 0.414276 
 2328 0.413664 
 2329 0.413053 
 2330 0.412444 
 2331 0.411835 
 2332 0.411227 
 2333 0.410621 
 2334 0.410015 
 2335 0.409410 
 2336 0.408807 
 2337 0.408204 
 2338 0.407603 
 2339 0.407002 
 2340 0.406402 
 2341 0.405804 
 2342 0.405206 
 2343 0.404610 
 2344 0.404014 
 2345 0.403419 
 2346 0.402826 
 2347 0.402233 
 2348 0.401642 
 2349 0.401051 
 2350 0.400461 
 2351 0.399872 
 2352 0.399285 
 2353 0.398698 
 2354 0.398112 
 2355 0.397527 
 2356 0.396944 
 2357 0.396361 
 2358 0.395779 
 2359 0.395198 
 2360 0.394618 
 2361 0.394039 
 2362 0.393461 
 2363 0.392884 
 2364 0.392308 
 2365 0.391733 
 2366 0.391158 
 2367 0.390585 
 2368 0.390013 
 2369 0.389441 
 2370 0.388871 
 2371 0.388301 
 2372 0.387733 
 2373 0.387165 
 2374 0.386599 
 2375 0.386033 
 2376 0.385468 
 2377 0.384904 
 2378 0.384341 
 2379 0.383780 
 2380 0.383218 
 2381 0.382658 
 2382 0.382099 
 2383 0.381541 
 2384 0.380984 
 2385 0.380427 
 2386 0.379872 
 2387 0.379317 
 2388 0.378763 
 2389 0.378211 
 2390 0.377659 
 2391 0.377108 
 2392 0.376558 
 2393 0.376009 
 2394 0.375460 
 2395 0.374913 
 2396 0.374367 
 2397 0.373821 
 2398 0.373276 
 2399 0.372733 
 2400 0.372190 
 2401 0.371648 
 2402 0.371107 
 2403 0.370567 
 2404 0.370028 
 2405 0.369489 
 2406 0.368952 
 2407 0.368415 
 2408 0.367879 
 2409 0.367345 
 2410 0.366811 
 2411 0.366277 
 2412 0.365745 
 2413 0.365214 
 2414 0.364683 
 2415 0.364154 
 2416 0.363625 
 2417 0.363097 
 2418 0.362570 
 2419 0.362044 
 2420 0.361519 
 2421 0.360995 
 2422 0.360471 
 2423 0.359948 
 2424 0.359426 
 2425 0.358905 
 2426 0.358385 
 2427 0.357866 
 2428 0.357348 
 2429 0.356830 
 2430 0.356313 
 2431 0.355798 
 2432 0.355282 
 2433 0.354768 
 2434 0.354255 
 2435 0.353742 
 2436 0.353231 
 2437 0.352720 
 2438 0.352210 
 2439 0.351701 
 2440 0.351192 
 2441 0.350685 
 2442 0.350178 
 2443 0.349672 
 2444 0.349167 
 2445 0.348663 
 2446 0.348160 
 2447 0.347657 
 2448 0.347156 
 2449 0.346655 
 2450 0.346155 
 2451 0.345655 
 2452 0.345157 
 2453 0.344659 
 2454 0.344162 
 2455 0.343666 
 2456 0.343171 
 2457 0.342677 
 2458 0.342183 
 2459 0.341690 
 2460 0.341198 
 2461 0.340707 
 2462 0.340217 
 2463 0.339727 
 2464 0.339238 
 2465 0.338750 
 2466 0.338263 
 2467 0.337776 
 2468 0.337291 
 2469 0.336806 
 2470 0.336322 
 2471 0.335839 
 2472 0.335356 
 2473 0.334874 
 2474 0.334393 
 2475 0.333913 
 2476 0.333434 
 2477 0.332955 
 2478 0.332477 
 2479 0.332000 
 2480 0.331524 
 2481 0.331049 
 2482 0.330574 
 2483 0.330100 
 2484 0.329627 
 2485 0.329154 
 2486 0.328683 
 2487 0.328212 
 2488 0.327742 
 2489 0.327272 
 2490 0.326804 
 2491 0.326336 
 2492 0.325869 
 2493 0.325402 
 2494 0.324937 
 2495 0.324472 
 2496 0.324008 
 2497 0.323544 
 2498 0.323082 
 2499 0.322620 
 2500 0.322159 
 2501 0.321699 
 2502 0.321239 
 2503 0.320780 
 2504 0.320322 
 2505 0.319865 
 2506 0.319408 
 2507 0.318952 
 2508 0.318497 
 2509 0.318042 
 2510 0.317589 
 2511 0.317136 
 2512 0.316683 
 2513 0.316232 
 2514 0.315781 
 2515 0.315331 
 2516 0.314882 
 2517 0.314433 
 2518 0.313985 
 2519 0.313538 
 2520 0.313092 
 2521 0.312646 
 2522 0.312201 
 2523 0.311756 
 2524 0.311313 
 2525 0.310870 
 2526 0.310428 
 2527 0.309986 
 2528 0.309546 
 2529 0.309106 
 2530 0.308666 
 2531 0.308228 
 2532 0.307790 
 2533 0.307352 
 2534 0.306916 
 2535 0.306480 
 2536 0.306045 
 2537 0.305611 
 2538 0.305177 
 2539 0.304744 
 2540 0.304312 
 2541 0.303880 
 2542 0.303449 
 2543 0.303019 
 2544 0.302589 
 2545 0.302160 
 2546 0.301732 
 2547 0.301305 
 2548 0.300878 
 2549 0.300452 
 2550 0.300026 
 2551 0.299601 
 2552 0.299177 
 2553 0.298754 
 2554 0.298331 
 2555 0.297909 
 2556 0.297488 
 2557 0.297067 
 2558 0.296647 
 2559 0.296227 
 2560 0.295809 
 2561 0.295391 
 2562 0.294973 
 2563 0.294557 
 2564 0.294141 
 2565 0.293725 
 2566 0.293310 
 2567 0.292896 
 2568 0.292483 
 2569 0.292070 
 2570 0.291658 
 2571 0.291247 
 2572 0.290836 
 2573 0.290426 
 2574 0.290016 
 2575 0.289608 
 2576 0.289200 
 2577 0.288792 
 2578 0.288385 
 2579 0.287979 
 2580 0.287573 
 2581 0.287168 
 2582 0.286764 
 2583 0.286361 
 2584 0.285958 
 2585 0.285555 
 2586 0.285154 
 2587 0.284752 
 2588 0.284352 
 2589 0.283952 
 2590 0.283553 
 2591 0.283155 
 2592 0.282757 
 2593 0.282359 
 2594 0.281963 
 2595 0.281567 
 2596 0.281171 
 2597 0.280777 
 2598 0.280383 
 2599 0.279989 
 2600 0.279596 
 2601 0.279204 
 2602 0.278812 
 2603 0.278421 
 2604 0.278031 
 2605 0.277641 
 2606 0.277252 
 2607 0.276863 
 2608 0.276476 
 2609 0.276088 
 2610 0.275702 
 2611 0.275315 
 2612 0.274930 
 2613 0.274545 
 2614 0.274161 
 2615 0.273777 
 2616 0.273394 
 2617 0.273012 
 2618 0.272630 
 2619 0.272249 
 2620 0.271868 
 2621 0.271488 
 2622 0.271109 
 2623 0.270730 
 2624 0.270352 
 2625 0.269974 
 2626 0.269597 
 2627 0.269221 
 2628 0.268845 
 2629 0.268469 
 2630 0.268095 
 2631 0.267721 
 2632 0.267347 
 2633 0.266974 
 2634 0.266602 
 2635 0.266230 
 2636 0.265859 
 2637 0.265489 
 2638 0.265119 
 2639 0.264749 
 2640 0.264381 
 2641 0.264012 
 2642 0.263645 
 2643 0.263278 
 2644 0.262911 
 2645 0.262545 
 2646 0.262180 
 2647 0.261815 
 2648 0.261451 
 2649 0.261087 
 2650 0.260724 
 2651 0.260362 
 2652 0.260000 
 2653 0.259639 
 2654 0.259278 
 2655 0.258918 
 2656 0.258558 
 2657 0.258199 
 2658 0.257841 
 2659 0.257483 
 2660 0.257125 
 2661 0.256768 
 2662 0.256412 
 2663 0.256056 
 2664 0.255701 
 2665 0.255347 
 2666 0.254993 
 2667 0.254639 
 2668 0.254286 
 2669 0.253934 
 2670 0.253582 
 2671 0.253231 
 2672 0.252880 
 2673 0.252530 
 2674 0.252180 
 2675 0.251831 
 2676 0.251483 
 2677 0.251135 
 2678 0.250787 
 2679 0.250440 
 2680 0.250094 
 2681 0.249748 
 
real	4m24.571s
user	4m24.236s
sys	0m0.037s

------------------------------------------------------------
Sender: LSF System <lsfadmin@n-62-21-32>
Subject: Job 5109091: <Gauss> in cluster <dcc> Done

Job <Gauss> was submitted from host <n-62-30-5> by user <s164535> in cluster <dcc> at Fri Jan 17 14:31:59 2020
Job was executed on host(s) <n-62-21-32>, in queue <hpcintro>, as user <s164535> in cluster <dcc> at Fri Jan 17 14:32:01 2020
</zhome/1e/7/117649> was used as the home directory.
</zhome/1e/7/117649/Documents/02614/Assignment_2/Poisson3D> was used as the working directory.
Started at Fri Jan 17 14:32:01 2020
Terminated at Fri Jan 17 14:36:26 2020
Results reported at Fri Jan 17 14:36:26 2020

Your job looked like:

------------------------------------------------------------
# LSBATCH: User input
#!/bin/bash
# 02614 - High-Performance Computing, January 2018
# 
# batch script to run collect on a decidated server in the hpcintro
# queue
#
# Author: Bernd Dammann <bd@cc.dtu.dk>
#
#BSUB -J Gauss
#BSUB -o Gauss_%J
#BSUB -q hpcintro
#BSUB -n 1
#BSUB -R "rusage[mem=5000]"
#BSUB -W 00:59

module load gcc

# define the driver name to use
# valid values: matmult_c.studio, matmult_f.studio, matmult_c.gcc or
# matmult_f.gcc
#
EXECUTABLE=poisson_gs

# define the mkn values in the MKN variable
#
Size="150"

# define the permutation type in PERM
#
max_iter=1000000

# uncomment and set a reasonable BLKSIZE for the blk version
#
tol=0.5

T_time=15

# define the max no. of iterations the driver should use - adjust to
# get a reasonable run time.  You can get an estimate by trying this
# on the command line, i.e. "MFLOPS_MAX_IT=10 ./matmult_...." for the
# problem size you want to analyze.
#
export MFLOPS_MAX_IT=50000

# experiment name 
#
JID=${LSB_JOBID}
EXPOUT="$LSB_JOBNAME.${JID}.er"

# uncomment the HWCOUNT line, if you want to use hardware counters

(... more ...)
------------------------------------------------------------

Successfully completed.

Resource usage summary:

    CPU time :                                   264.90 sec.
    Max Memory :                                 61 MB
    Average Memory :                             60.60 MB
    Total Requested Memory :                     5000.00 MB
    Delta Memory :                               4939.00 MB
    Max Swap :                                   -
    Max Processes :                              4
    Max Threads :                                5
    Run time :                                   268 sec.
    Turnaround time :                            267 sec.

The output (if any) is above this job summary.

