1 75 2.637021 
1 100 6.393347 
1 125 16.247546 
1 150 32.583154 
2 75 2.387998 
2 100 5.685204 
2 125 11.002304 
2 150 21.896329 
4 75 1.884339 
4 100 4.399308 
4 125 8.873368 
4 150 18.234075 
8 75 1.695470 
8 100 3.848084 
8 125 7.700396 
8 150 16.150421 
12 75 1.746584 
12 100 3.924248 
12 125 7.547958 
12 150 15.122171 
16 75 1.789715 
16 100 3.915099 
16 125 7.617257 
16 150 15.913471 
20 75 1.859679 
20 100 4.028736 
20 125 8.250449 
20 150 15.464228 
24 75 1.878026 
24 100 4.389311 
24 125 8.147245 
24 150 15.900008 