1 75 2.633791 
1 100 6.368376 
1 125 15.349188 
1 150 32.388070 
2 75 2.387518 
2 100 5.684880 
2 125 10.995495 
2 150 21.649321 
4 75 1.886735 
4 100 4.403740 
4 125 8.581845 
4 150 16.268700 
8 75 1.689972 
8 100 3.891300 
8 125 7.648793 
8 150 15.395130 
12 75 1.714832 
12 100 3.927828 
12 125 7.335895 
12 150 15.965520 
16 75 1.755919 
16 100 3.871463 
16 125 7.578725 
16 150 15.601927 
20 75 1.818273 
20 100 4.040160 
20 125 7.748828 
20 150 15.613788 
24 75 1.909566 
24 100 4.102216 
24 125 8.142537 
24 150 17.091477 